500
0
1
5
8
12
29
28
42
52
86
76
96
134
107
108
210
248
206
176
311
370
382
356
370
395
452
553
656
626
623
471
923
780
810
758
1236
672
747
1060
1142
963
1330
1358
1405
1932
1606
1970
1987
2249
1887
2261
2047
1422
2798
2833
2998
2057
2982
3231
2518
3051
2748
2657
3063
3346
3122
3118
4231
4598
2473
4769
3327
5237
3560
4959
4654
3286
3165
5215
5179
4991
3597
6053
4976
3882
5420
5340
7470
5343
5599
4344
4911
5257
5830
7737
4761
7268
8850
5514
7338
7136
8886
7985
9851
7857
6354
10957
11050
10576
10256
7090
8929
9909
10853
11176
7415
7298
10682
7869
11885
10550
12949
8612
8614
8694
9744
8483
12464
16054
14685
15433
12326
10563
12838
15169
11449
15138
9994
11841
13261
12077
11124
18011
17360
18949
19685
14910
13286
18473
16158
14931
17470
22902
19910
16166
12274
15306
12435
18743
17478
19893
21429
17299
22069
17466
14763
27552
23325
23423
21592
18282
17809
22887
25557
16049
16644
16438
19621
17221
22471
30119
29893
17409
30824
23193
28253
31880
24773
32677
28022
26809
19202
26228
36278
26042
35100
31644
32255
36365
21074
25298
37021
35993
26288
25068
27597
36421
30237
26412
25858
42675
39050
41584
28111
41109
40854
44506
30792
41343
30623
24353
39242
27077
29605
30919
40982
31878
50734
34956
26928
35391
36509
47226
28013
50721
44028
46829
55200
30704
49161
53595
44099
50132
46721
42886
32408
45730
48515
52324
46624
46829
54221
49366
47547
52671
61260
61087
38618
49563
38297
67394
63368
46752
63242
39253
63353
50738
48297
49895
68683
67775
65195
69752
63256
68404
50684
55225
62083
73914
46097
78574
52740
55786
41458
42641
56990
57337
50519
51522
76074
47632
72511
55894
80028
45562
70953
66192
77354
83306
45991
85118
84772
46048
78850
70504
49949
70934
86833
70200
65414
94241
85694
83931
76524
67782
97984
58459
90975
93512
58199
74526
100654
53273
82073
54332
67192
74948
94890
96853
105026
104432
97139
72507
93880
57058
56332
87665
84673
79049
98797
111189
99682
96490
111907
72254
72900
61195
75431
71606
65129
113577
87853
66502
112915
90544
111899
65226
99922
75189
76092
101851
105407
121838
70329
70600
67684
88969
107225
118141
73806
74824
78585
83513
120155
70983
120229
94271
109858
138866
97152
132677
100551
96567
76375
129991
107587
144557
101098
125450
109862
151307
81766
95444
96588
153529
127929
136894
108796
80205
107792
128583
110379
110722
144683
106579
106212
115872
116055
137970
87471
105755
128737
118086
166488
87352
146320
96343
168012
127921
123209
127846
95887
158738
140594
132600
160175
108673
144771
123302
137394
164651
165140
125776
146901
116169
95393
140656
140115
191158
192724
104636
189189
139661
104911
191133
136171
162653
163934
176000
177337
175228
147293
193915
158796
145619
165057
190651
113700
107216
189510
179537
188971
122051
201753
117574
123780
161346
149898
140255
115585
169964
147676
175282
199021
145066
211007
222149
153018
128045
196212
192921
183866
210714
232584
194725
187121
184198
231322
201370
220612
203874
191357
137900
141161
230966
172185
166660
207242
178986
162719