500
126666
229901
91220
221234
17105
112262
42641
148526
54864
177265
136258
44890
121087
243293
162467
53942
185414
334
16886
95255
187428
108889
208910
215554
152853
170421
35353
146733
219199
118863
105713
175973
177432
55572
185125
160067
75925
93373
233424
188177
130494
138824
63923
14664
139610
225690
223469
196387
67022
16758
6129
126933
174997
165597
206485
113585
70096
124623
44918
41537
10030
200942
156473
13851
64480
196827
126979
144966
224995
77393
34908
170164
69067
34090
65156
213367
101326
58929
1384
180848
170410
211038
26872
69020
143542
144108
19908
240320
62064
170528
168695
182395
50300
165655
2440
172298
56961
213502
89876
119186
73031
63399
193779
156151
42560
205650
90238
44254
13145
183106
64404
139533
160973
134672
30237
56879
171279
16253
40360
242978
58823
214437
153578
194242
124557
108257
211803
24625
114037
44814
45213
2543
20351
175236
224292
35716
109311
148478
210082
137690
137511
31805
119448
160062
134473
18463
70456
19941
28542
244968
204060
43106
62474
122776
242215
129441
118707
241636
89256
228780
6218
124838
12931
92055
200529
159817
103831
184795
225982
141044
7100
17416
74674
46008
98344
209542
19629
169251
86370
113590
150683
63835
219071
26267
190357
134459
95123
165297
133540
191474
43429
182673
249201
60484
124267
25071
234544
197905
30963
186630
72022
188915
28570
79301
157467
517
56507
121142
43201
179140
245417
213549
173468
69124
104605
44246
30769
85733
25310
114063
160751
103920
16821
41999
100209
121981
246988
54906
47429
27410
246000
115221
186631
30859
52508
132610
158582
142865
134125
143160
7582
197227
100133
222762
30986
124334
42834
229741
61178
197537
45390
245452
71473
65750
228229
50553
116826
45850
173143
138981
247423
129178
164048
131265
168221
207450
166034
3758
60346
144737
79838
50600
130883
13829
57140
190782
116040
77229
43192
123562
128931
175353
227208
171646
167294
87033
227681
183062
28337
150387
119304
89451
67621
225283
70571
140610
186378
192167
156245
202570
136993
115882
86922
69238
199523
207212
158646
245653
3054
39388
169182
114331
244471
121561
123955
44807
43789
146302
13869
100502
169566
13638
39311
36346
120125
89814
129441
15199
56328
85004
213581
151046
99443
180532
191967
112204
33315
102821
176432
88297
233470
228239
77689
190676
187047
10293
4788
67084
16542
48217
214079
167918
227212
213878
249513
203201
212693
172173
203501
126520
125898
118567
197696
224615
52575
116314
236061
79044
13055
45009
18355
49397
163650
121601
120775
5929
172929
224783
151949
63127
109671
93728
76623
34754
48690
132592
116518
245192
227892
32860
237616
191548
224980
226682
215825
105897
15004
55671
138474
217299
170609
231261
197333
208782
125276
174729
9999
5323
86120
157223
220385
115091
106857
62748
25769
27666
13465
69952
57433
149774
64743
91766
204235
181200
177492
175498
13657
200962
1357
249775
232833
46576
91501
108929
112845
77313
148250
99850
43213
115691
21571
121119
159867
10151
164866
9313
29178
105851
216893
172792
102607
199810
142877
188966
111442
41275
125843
7088
178700
118092
167045
144943
165810
95117
130004
84454
144926
91267
246094
208207
143873
247662
140889
76139
199609
511
239574
119250
27828
128868
216559
175095
20880
249211
219185
208008
73517
225905
167893
45556
156153
209038
15541
21553
108302
198875
186723
45100
60655
169221